$ANSIBLE_VAULT;1.1;AES256
30643063383162666562616465626261333762343363323465663235386361343038656539653562
3538333731313933323561343336386265643261633964360a346666353633613738623964623136
36306231363566356337333861643632653534343238356235633561313464306562613339393431
3334303033356161310a356430313862616264333237313261376662356233613031306438306630
36636436643031336330653731666466396531373537633963306530303435373335373038653864
62353337316533383763666361623862353236353238383531303365643166383563643330613534
63316234656334616136303531383939643437303165326630663763376365316135656137366139
61386335663132656266353137656433613330363764343765303937383130393565656566386662
63396433383532353931653134643536356132396630323564363263383130353662646366396536
62616366626561366133313562636236663864356363373165353534656331636162323334313265
39346538373734626434353134656430333635653863353863303434373134653566376164633565
33386265306162613636393062373035366266643863353639663434343766326636336531303265
39303939356137313737336439313165336564303933633135343965373436343463656532646338
33633362373266623733623963396633653137613132613837353933626134373163656233646239
30383134633666316132306139333535393531323234663430353530313539653633656534343337
31393836333762333266643665663034663938636535366634376562363965343235383238626163
64376262653966346664636233373232393861663862356162323839343530366266636438346238
62613562626561663839326132393230333262343236316537353766373663303665336635666237
39366564613437316239376134383764326437643930366464306462393063376162346135343562
63346562383230653964336439393632306566316361653965396638643431633462313865663634
38333037396534333932643735306439306264343936326535666336643165366662336230656564
64613231623435306635613966316334343533326462373938653831653436613437643534393766
31653763316639316139326663353634333066383035353231613839376333316664626634616435
63353561616238333636623533636434313063613739373462333331393337323535326131393330
36366631343162646636353836373531353765643236623161663836663266393062643430663731
39343763386365626331356131663266666331643738346533623236383063316237396336373339
62366466656536373137376163393965363433313462623162343039633663393332316137663031
38336431336436303435
